0; -304.500014; 636.529982
1; -262.499988; 636.529982
2; -220.500007; 636.529982
3; -178.499997; 636.529982
4; -325.500011; 600.160003
5; -283.499986; 600.160003
6; -241.500005; 600.160003
7; -199.499995; 600.160003
8; -304.500014; 563.780010
9; -262.499988; 563.780010
10; -220.500007; 563.780010
11; -178.499997; 563.780010
12; -325.500011; 527.409971
13; -283.499986; 527.409971
14; -241.500005; 527.409971
15; -199.499995; 527.409971
16; -136.500001; 636.529982
17; -94.499998; 636.529982
18; -52.499998; 636.529982
19; -10.500000; 636.529982
20; -157.499999; 600.160003
21; -115.500003; 600.160003
22; -73.500000; 600.160003
23; -31.500001; 600.160003
24; -136.500001; 563.780010
25; -94.499998; 563.780010
26; -52.499998; 563.780010
27; -10.500000; 563.780010
28; -157.499999; 527.409971
29; -115.500003; 527.409971
30; -73.500000; 527.409971
31; -31.500001; 527.409971
32; 31.500001; 636.529982
33; 73.500000; 636.529982
34; 115.500003; 636.529982
35; 157.499999; 636.529982
36; 10.500000; 600.160003
37; 52.499998; 600.160003
38; 94.499998; 600.160003
39; 136.500001; 600.160003
40; 31.500001; 563.780010
41; 73.500000; 563.780010
42; 115.500003; 563.780010
43; 157.499999; 563.780010
44; 10.500000; 527.409971
45; 52.499998; 527.409971
46; 94.499998; 527.409971
47; 136.500001; 527.409971
48; 199.499995; 636.529982
49; 241.500005; 636.529982
50; 283.499986; 636.529982
51; 325.500011; 636.529982
52; 178.499997; 600.160003
53; 220.500007; 600.160003
54; 262.499988; 600.160003
55; 304.500014; 600.160003
56; 199.499995; 563.780010
57; 241.500005; 563.780010
58; 283.499986; 563.780010
59; 325.500011; 563.780010
60; 178.499997; 527.409971
61; 220.500007; 527.409971
62; 262.499988; 527.409971
63; 304.500014; 527.409971
64; 367.500007; 491.039991
65; 409.500003; 491.039991
66; 451.499999; 491.039991
67; 493.499994; 491.039991
68; 346.500009; 454.659998
69; 388.500005; 454.659998
70; 430.500001; 454.659998
71; 472.499996; 454.659998
72; 367.500007; 418.289989
73; 409.500003; 418.289989
74; 451.499999; 418.289989
75; 493.499994; 418.289989
76; 346.500009; 381.920010
77; 388.500005; 381.920010
78; 430.500001; 381.920010
79; 472.499996; 381.920010
80; 199.499995; 491.039991
81; 241.500005; 491.039991
82; 283.499986; 491.039991
83; 325.500011; 491.039991
84; 178.499997; 454.659998
85; 220.500007; 454.659998
86; 262.499988; 454.659998
87; 304.500014; 454.659998
88; 199.499995; 418.289989
89; 241.500005; 418.289989
90; 283.499986; 418.289989
91; 325.500011; 418.289989
92; 178.499997; 381.920010
93; 220.500007; 381.920010
94; 262.499988; 381.920010
95; 304.500014; 381.920010
96; 31.500001; 491.039991
97; 73.500000; 491.039991
98; 115.500003; 491.039991
99; 157.499999; 491.039991
100; 10.500000; 454.659998
101; 52.499998; 454.659998
102; 94.499998; 454.659998
103; 136.500001; 454.659998
104; 31.500001; 418.289989
105; 73.500000; 418.289989
106; 115.500003; 418.289989
107; 157.499999; 418.289989
108; 10.500000; 381.920010
109; 52.499998; 381.920010
110; 94.499998; 381.920010
111; 136.500001; 381.920010
112; -136.500001; 491.039991
113; -94.499998; 491.039991
114; -52.499998; 491.039991
115; -10.500000; 491.039991
116; -157.499999; 454.659998
117; -115.500003; 454.659998
118; -73.500000; 454.659998
119; -31.500001; 454.659998
120; -136.500001; 418.289989
121; -94.499998; 418.289989
122; -52.499998; 418.289989
123; -10.500000; 418.289989
124; -157.499999; 381.920010
125; -115.500003; 381.920010
126; -73.500000; 381.920010
127; -31.500001; 381.920010
128; -304.500014; 491.039991
129; -262.499988; 491.039991
130; -220.500007; 491.039991
131; -178.499997; 491.039991
132; -325.500011; 454.659998
133; -283.499986; 454.659998
134; -241.500005; 454.659998
135; -199.499995; 454.659998
136; -304.500014; 418.289989
137; -262.499988; 418.289989
138; -220.500007; 418.289989
139; -178.499997; 418.289989
140; -325.500011; 381.920010
141; -283.499986; 381.920010
142; -241.500005; 381.920010
143; -199.499995; 381.920010
144; -472.499996; 491.039991
145; -430.500001; 491.039991
146; -388.500005; 491.039991
147; -346.500009; 491.039991
148; -493.499994; 454.659998
149; -451.499999; 454.659998
150; -409.500003; 454.659998
151; -367.500007; 454.659998
152; -472.499996; 418.289989
153; -430.500001; 418.289989
154; -388.500005; 418.289989
155; -346.500009; 418.289989
156; -493.499994; 381.920010
157; -451.499999; 381.920010
158; -409.500003; 381.920010
159; -367.500007; 381.920010
160; -640.500009; 345.539987
161; -598.500013; 345.539987
162; -556.500018; 345.539987
163; -514.500022; 345.539987
164; -661.499977; 309.170008
165; -619.499981; 309.170008
166; -577.499986; 309.170008
167; -535.499990; 309.170008
168; -640.500009; 272.799999
169; -598.500013; 272.799999
170; -556.500018; 272.799999
171; -514.500022; 272.799999
172; -661.499977; 236.420006
173; -619.499981; 236.420006
174; -577.499986; 236.420006
175; -535.499990; 236.420006
176; -472.499996; 345.539987
177; -430.500001; 345.539987
178; -388.500005; 345.539987
179; -346.500009; 345.539987
180; -493.499994; 309.170008
181; -451.499999; 309.170008
182; -409.500003; 309.170008
183; -367.500007; 309.170008
184; -472.499996; 272.799999
185; -430.500001; 272.799999
186; -388.500005; 272.799999
187; -346.500009; 272.799999
188; -493.499994; 236.420006
189; -451.499999; 236.420006
190; -409.500003; 236.420006
191; -367.500007; 236.420006
192; -304.500014; 345.539987
193; -262.499988; 345.539987
194; -220.500007; 345.539987
195; -178.499997; 345.539987
196; -325.500011; 309.170008
197; -283.499986; 309.170008
198; -241.500005; 309.170008
199; -199.499995; 309.170008
200; -304.500014; 272.799999
201; -262.499988; 272.799999
202; -220.500007; 272.799999
203; -178.499997; 272.799999
204; -325.500011; 236.420006
205; -283.499986; 236.420006
206; -241.500005; 236.420006
207; -199.499995; 236.420006
208; -136.500001; 345.539987
209; -94.499998; 345.539987
210; -52.499998; 345.539987
211; -10.500000; 345.539987
212; -157.499999; 309.170008
213; -115.500003; 309.170008
214; -73.500000; 309.170008
215; -31.500001; 309.170008
216; -136.500001; 272.799999
217; -94.499998; 272.799999
218; -52.499998; 272.799999
219; -10.500000; 272.799999
220; -157.499999; 236.420006
221; -115.500003; 236.420006
222; -73.500000; 236.420006
223; -31.500001; 236.420006
224; 31.500001; 345.539987
225; 73.500000; 345.539987
226; 115.500003; 345.539987
227; 157.499999; 345.539987
228; 10.500000; 309.170008
229; 52.499998; 309.170008
230; 94.499998; 309.170008
231; 136.500001; 309.170008
232; 31.500001; 272.799999
233; 73.500000; 272.799999
234; 115.500003; 272.799999
235; 157.499999; 272.799999
236; 10.500000; 236.420006
237; 52.499998; 236.420006
238; 94.499998; 236.420006
239; 136.500001; 236.420006
240; 199.499995; 345.539987
241; 241.500005; 345.539987
242; 283.499986; 345.539987
243; 325.500011; 345.539987
244; 178.499997; 309.170008
245; 220.500007; 309.170008
246; 262.499988; 309.170008
247; 304.500014; 309.170008
248; 199.499995; 272.799999
249; 241.500005; 272.799999
250; 283.499986; 272.799999
251; 325.500011; 272.799999
252; 178.499997; 236.420006
253; 220.500007; 236.420006
254; 262.499988; 236.420006
255; 304.500014; 236.420006
256; 367.500007; 345.539987
257; 409.500003; 345.539987
258; 451.499999; 345.539987
259; 493.499994; 345.539987
260; 346.500009; 309.170008
261; 388.500005; 309.170008
262; 430.500001; 309.170008
263; 472.499996; 309.170008
264; 367.500007; 272.799999
265; 409.500003; 272.799999
266; 451.499999; 272.799999
267; 493.499994; 272.799999
268; 346.500009; 236.420006
269; 388.500005; 236.420006
270; 430.500001; 236.420006
271; 472.499996; 236.420006
272; 535.499990; 345.539987
273; 577.499986; 345.539987
274; 619.499981; 345.539987
275; 661.499977; 345.539987
276; 514.500022; 309.170008
277; 556.500018; 309.170008
278; 598.500013; 309.170008
279; 640.500009; 309.170008
280; 535.499990; 272.799999
281; 577.499986; 272.799999
282; 619.499981; 272.799999
283; 661.499977; 272.799999
284; 514.500022; 236.420006
285; 556.500018; 236.420006
286; 598.500013; 236.420006
287; 640.500009; 236.420006
288; 535.499990; 200.049996
289; 577.499986; 200.049996
290; 619.499981; 200.049996
291; 661.499977; 200.049996
292; 514.500022; 163.680002
293; 556.500018; 163.680002
294; 598.500013; 163.680002
295; 640.500009; 163.680002
296; 535.499990; 127.309993
297; 577.499986; 127.309993
298; 619.499981; 127.309993
299; 661.499977; 127.309993
300; 514.500022; 90.930000
301; 556.500018; 90.930000
302; 598.500013; 90.930000
303; 640.500009; 90.930000
304; 367.500007; 200.049996
305; 409.500003; 200.049996
306; 451.499999; 200.049996
307; 493.499994; 200.049996
308; 346.500009; 163.680002
309; 388.500005; 163.680002
310; 430.500001; 163.680002
311; 472.499996; 163.680002
312; 367.500007; 127.309993
313; 409.500003; 127.309993
314; 451.499999; 127.309993
315; 493.499994; 127.309993
316; 346.500009; 90.930000
317; 388.500005; 90.930000
318; 430.500001; 90.930000
319; 472.499996; 90.930000
320; 199.499995; 200.049996
321; 241.500005; 200.049996
322; 283.499986; 200.049996
323; 325.500011; 200.049996
324; 178.499997; 163.680002
325; 220.500007; 163.680002
326; 262.499988; 163.680002
327; 304.500014; 163.680002
328; 199.499995; 127.309993
329; 241.500005; 127.309993
330; 283.499986; 127.309993
331; 325.500011; 127.309993
332; 178.499997; 90.930000
333; 220.500007; 90.930000
334; 262.499988; 90.930000
335; 304.500014; 90.930000
336; 31.500001; 200.049996
337; 73.500000; 200.049996
338; 115.500003; 200.049996
339; 157.499999; 200.049996
340; 10.500000; 163.680002
341; 52.499998; 163.680002
342; 94.499998; 163.680002
343; 136.500001; 163.680002
344; 31.500001; 127.309993
345; 73.500000; 127.309993
346; 115.500003; 127.309993
347; 157.499999; 127.309993
348; 10.500000; 90.930000
349; 52.499998; 90.930000
350; 94.499998; 90.930000
351; 136.500001; 90.930000
352; -136.500001; 200.049996
353; -94.499998; 200.049996
354; -52.499998; 200.049996
355; -10.500000; 200.049996
356; -157.499999; 163.680002
357; -115.500003; 163.680002
358; -73.500000; 163.680002
359; -31.500001; 163.680002
360; -136.500001; 127.309993
361; -94.499998; 127.309993
362; -52.499998; 127.309993
363; -10.500000; 127.309993
364; -157.499999; 90.930000
365; -115.500003; 90.930000
366; -73.500000; 90.930000
367; -31.500001; 90.930000
368; -304.500014; 200.049996
369; -262.499988; 200.049996
370; -220.500007; 200.049996
371; -178.499997; 200.049996
372; -325.500011; 163.680002
373; -283.499986; 163.680002
374; -241.500005; 163.680002
375; -199.499995; 163.680002
376; -304.500014; 127.309993
377; -262.499988; 127.309993
378; -220.500007; 127.309993
379; -178.499997; 127.309993
380; -325.500011; 90.930000
381; -283.499986; 90.930000
382; -241.500005; 90.930000
383; -199.499995; 90.930000
384; -472.499996; 200.049996
385; -430.500001; 200.049996
386; -388.500005; 200.049996
387; -346.500009; 200.049996
388; -493.499994; 163.680002
389; -451.499999; 163.680002
390; -409.500003; 163.680002
391; -367.500007; 163.680002
392; -472.499996; 127.309993
393; -430.500001; 127.309993
394; -388.500005; 127.309993
395; -346.500009; 127.309993
396; -493.499994; 90.930000
397; -451.499999; 90.930000
398; -409.500003; 90.930000
399; -367.500007; 90.930000
400; -640.500009; 200.049996
401; -598.500013; 200.049996
402; -556.500018; 200.049996
403; -514.500022; 200.049996
404; -661.499977; 163.680002
405; -619.499981; 163.680002
406; -577.499986; 163.680002
407; -535.499990; 163.680002
408; -640.500009; 127.309993
409; -598.500013; 127.309993
410; -556.500018; 127.309993
411; -514.500022; 127.309993
412; -661.499977; 90.930000
413; -619.499981; 90.930000
414; -577.499986; 90.930000
415; -535.499990; 90.930000
416; -640.500009; 54.559998
417; -598.500013; 54.559998
418; -556.500018; 54.559998
419; -514.500022; 54.559998
420; -661.499977; 18.190000
421; -619.499981; 18.190000
422; -577.499986; 18.190000
423; -535.499990; 18.190000
424; -640.500009; -18.190000
425; -598.500013; -18.190000
426; -556.500018; -18.190000
427; -514.500022; -18.190000
428; -661.499977; -54.559998
429; -619.499981; -54.559998
430; -577.499986; -54.559998
431; -535.499990; -54.559998
432; -472.499996; 54.559998
433; -430.500001; 54.559998
434; -388.500005; 54.559998
435; -346.500009; 54.559998
436; -493.499994; 18.190000
437; -451.499999; 18.190000
438; -409.500003; 18.190000
439; -367.500007; 18.190000
440; -472.499996; -18.190000
441; -430.500001; -18.190000
442; -388.500005; -18.190000
443; -346.500009; -18.190000
444; -493.499994; -54.559998
445; -451.499999; -54.559998
446; -409.500003; -54.559998
447; -367.500007; -54.559998
448; -304.500014; 54.559998
449; -262.499988; 54.559998
450; -220.500007; 54.559998
451; -178.499997; 54.559998
452; -325.500011; 18.190000
453; -283.499986; 18.190000
454; -241.500005; 18.190000
455; -199.499995; 18.190000
456; -304.500014; -18.190000
457; -262.499988; -18.190000
458; -220.500007; -18.190000
459; -178.499997; -18.190000
460; -325.500011; -54.559998
461; -283.499986; -54.559998
462; -241.500005; -54.559998
463; -199.499995; -54.559998
464; -136.500001; 54.559998
465; -94.499998; 54.559998
466; -52.499998; 54.559998
467; -10.500000; 54.559998
468; -157.499999; 18.190000
469; -115.500003; 18.190000
470; -73.500000; 18.190000
471; -31.500001; 18.190000
472; -136.500001; -18.190000
473; -94.499998; -18.190000
474; -52.499998; -18.190000
475; -10.500000; -18.190000
476; -157.499999; -54.559998
477; -115.500003; -54.559998
478; -73.500000; -54.559998
479; -31.500001; -54.559998
480; 31.500001; 54.559998
481; 73.500000; 54.559998
482; 115.500003; 54.559998
483; 157.499999; 54.559998
484; 10.500000; 18.190000
485; 52.499998; 18.190000
486; 94.499998; 18.190000
487; 136.500001; 18.190000
488; 31.500001; -18.190000
489; 73.500000; -18.190000
490; 115.500003; -18.190000
491; 157.499999; -18.190000
492; 10.500000; -54.559998
493; 52.499998; -54.559998
494; 94.499998; -54.559998
495; 136.500001; -54.559998
496; 199.499995; 54.559998
497; 241.500005; 54.559998
498; 283.499986; 54.559998
499; 325.500011; 54.559998
500; 178.499997; 18.190000
501; 220.500007; 18.190000
502; 262.499988; 18.190000
503; 304.500014; 18.190000
504; 199.499995; -18.190000
505; 241.500005; -18.190000
506; 283.499986; -18.190000
507; 325.500011; -18.190000
508; 178.499997; -54.559998
509; 220.500007; -54.559998
510; 262.499988; -54.559998
511; 304.500014; -54.559998
512; 367.500007; 54.559998
513; 409.500003; 54.559998
514; 451.499999; 54.559998
515; 493.499994; 54.559998
516; 346.500009; 18.190000
517; 388.500005; 18.190000
518; 430.500001; 18.190000
519; 472.499996; 18.190000
520; 367.500007; -18.190000
521; 409.500003; -18.190000
522; 451.499999; -18.190000
523; 493.499994; -18.190000
524; 346.500009; -54.559998
525; 388.500005; -54.559998
526; 430.500001; -54.559998
527; 472.499996; -54.559998
528; 535.499990; 54.559998
529; 577.499986; 54.559998
530; 619.499981; 54.559998
531; 661.499977; 54.559998
532; 514.500022; 18.190000
533; 556.500018; 18.190000
534; 598.500013; 18.190000
535; 640.500009; 18.190000
536; 535.499990; -18.190000
537; 577.499986; -18.190000
538; 619.499981; -18.190000
539; 661.499977; -18.190000
540; 514.500022; -54.559998
541; 556.500018; -54.559998
542; 598.500013; -54.559998
543; 640.500009; -54.559998
544; 535.499990; -90.930000
545; 577.499986; -90.930000
546; 619.499981; -90.930000
547; 661.499977; -90.930000
548; 514.500022; -127.309993
549; 556.500018; -127.309993
550; 598.500013; -127.309993
551; 640.500009; -127.309993
552; 535.499990; -163.680002
553; 577.499986; -163.680002
554; 619.499981; -163.680002
555; 661.499977; -163.680002
556; 514.500022; -200.049996
557; 556.500018; -200.049996
558; 598.500013; -200.049996
559; 640.500009; -200.049996
560; 367.500007; -90.930000
561; 409.500003; -90.930000
562; 451.499999; -90.930000
563; 493.499994; -90.930000
564; 346.500009; -127.309993
565; 388.500005; -127.309993
566; 430.500001; -127.309993
567; 472.499996; -127.309993
568; 367.500007; -163.680002
569; 409.500003; -163.680002
570; 451.499999; -163.680002
571; 493.499994; -163.680002
572; 346.500009; -200.049996
573; 388.500005; -200.049996
574; 430.500001; -200.049996
575; 472.499996; -200.049996
576; 199.499995; -90.930000
577; 241.500005; -90.930000
578; 283.499986; -90.930000
579; 325.500011; -90.930000
580; 178.499997; -127.309993
581; 220.500007; -127.309993
582; 262.499988; -127.309993
583; 304.500014; -127.309993
584; 199.499995; -163.680002
585; 241.500005; -163.680002
586; 283.499986; -163.680002
587; 325.500011; -163.680002
588; 178.499997; -200.049996
589; 220.500007; -200.049996
590; 262.499988; -200.049996
591; 304.500014; -200.049996
592; 31.500001; -90.930000
593; 73.500000; -90.930000
594; 115.500003; -90.930000
595; 157.499999; -90.930000
596; 10.500000; -127.309993
597; 52.499998; -127.309993
598; 94.499998; -127.309993
599; 136.500001; -127.309993
600; 31.500001; -163.680002
601; 73.500000; -163.680002
602; 115.500003; -163.680002
603; 157.499999; -163.680002
604; 10.500000; -200.049996
605; 52.499998; -200.049996
606; 94.499998; -200.049996
607; 136.500001; -200.049996
608; -136.500001; -90.930000
609; -94.499998; -90.930000
610; -52.499998; -90.930000
611; -10.500000; -90.930000
612; -157.499999; -127.309993
613; -115.500003; -127.309993
614; -73.500000; -127.309993
615; -31.500001; -127.309993
616; -136.500001; -163.680002
617; -94.499998; -163.680002
618; -52.499998; -163.680002
619; -10.500000; -163.680002
620; -157.499999; -200.049996
621; -115.500003; -200.049996
622; -73.500000; -200.049996
623; -31.500001; -200.049996
624; -304.500014; -90.930000
625; -262.499988; -90.930000
626; -220.500007; -90.930000
627; -178.499997; -90.930000
628; -325.500011; -127.309993
629; -283.499986; -127.309993
630; -241.500005; -127.309993
631; -199.499995; -127.309993
632; -304.500014; -163.680002
633; -262.499988; -163.680002
634; -220.500007; -163.680002
635; -178.499997; -163.680002
636; -325.500011; -200.049996
637; -283.499986; -200.049996
638; -241.500005; -200.049996
639; -199.499995; -200.049996
640; -472.499996; -90.930000
641; -430.500001; -90.930000
642; -388.500005; -90.930000
643; -346.500009; -90.930000
644; -493.499994; -127.309993
645; -451.499999; -127.309993
646; -409.500003; -127.309993
647; -367.500007; -127.309993
648; -472.499996; -163.680002
649; -430.500001; -163.680002
650; -388.500005; -163.680002
651; -346.500009; -163.680002
652; -493.499994; -200.049996
653; -451.499999; -200.049996
654; -409.500003; -200.049996
655; -367.500007; -200.049996
656; -640.500009; -90.930000
657; -598.500013; -90.930000
658; -556.500018; -90.930000
659; -514.500022; -90.930000
660; -661.499977; -127.309993
661; -619.499981; -127.309993
662; -577.499986; -127.309993
663; -535.499990; -127.309993
664; -640.500009; -163.680002
665; -598.500013; -163.680002
666; -556.500018; -163.680002
667; -514.500022; -163.680002
668; -661.499977; -200.049996
669; -619.499981; -200.049996
670; -577.499986; -200.049996
671; -535.499990; -200.049996
672; -640.500009; -236.420006
673; -598.500013; -236.420006
674; -556.500018; -236.420006
675; -514.500022; -236.420006
676; -661.499977; -272.799999
677; -619.499981; -272.799999
678; -577.499986; -272.799999
679; -535.499990; -272.799999
680; -640.500009; -309.170008
681; -598.500013; -309.170008
682; -556.500018; -309.170008
683; -514.500022; -309.170008
684; -661.499977; -345.539987
685; -619.499981; -345.539987
686; -577.499986; -345.539987
687; -535.499990; -345.539987
688; -472.499996; -236.420006
689; -430.500001; -236.420006
690; -388.500005; -236.420006
691; -346.500009; -236.420006
692; -493.499994; -272.799999
693; -451.499999; -272.799999
694; -409.500003; -272.799999
695; -367.500007; -272.799999
696; -472.499996; -309.170008
697; -430.500001; -309.170008
698; -388.500005; -309.170008
699; -346.500009; -309.170008
700; -493.499994; -345.539987
701; -451.499999; -345.539987
702; -409.500003; -345.539987
703; -367.500007; -345.539987
704; -304.500014; -236.420006
705; -262.499988; -236.420006
706; -220.500007; -236.420006
707; -178.499997; -236.420006
708; -325.500011; -272.799999
709; -283.499986; -272.799999
710; -241.500005; -272.799999
711; -199.499995; -272.799999
712; -304.500014; -309.170008
713; -262.499988; -309.170008
714; -220.500007; -309.170008
715; -178.499997; -309.170008
716; -325.500011; -345.539987
717; -283.499986; -345.539987
718; -241.500005; -345.539987
719; -199.499995; -345.539987
720; -136.500001; -236.420006
721; -94.499998; -236.420006
722; -52.499998; -236.420006
723; -10.500000; -236.420006
724; -157.499999; -272.799999
725; -115.500003; -272.799999
726; -73.500000; -272.799999
727; -31.500001; -272.799999
728; -136.500001; -309.170008
729; -94.499998; -309.170008
730; -52.499998; -309.170008
731; -10.500000; -309.170008
732; -157.499999; -345.539987
733; -115.500003; -345.539987
734; -73.500000; -345.539987
735; -31.500001; -345.539987
736; 31.500001; -236.420006
737; 73.500000; -236.420006
738; 115.500003; -236.420006
739; 157.499999; -236.420006
740; 10.500000; -272.799999
741; 52.499998; -272.799999
742; 94.499998; -272.799999
743; 136.500001; -272.799999
744; 31.500001; -309.170008
745; 73.500000; -309.170008
746; 115.500003; -309.170008
747; 157.499999; -309.170008
748; 10.500000; -345.539987
749; 52.499998; -345.539987
750; 94.499998; -345.539987
751; 136.500001; -345.539987
752; 199.499995; -236.420006
753; 241.500005; -236.420006
754; 283.499986; -236.420006
755; 325.500011; -236.420006
756; 178.499997; -272.799999
757; 220.500007; -272.799999
758; 262.499988; -272.799999
759; 304.500014; -272.799999
760; 199.499995; -309.170008
761; 241.500005; -309.170008
762; 283.499986; -309.170008
763; 325.500011; -309.170008
764; 178.499997; -345.539987
765; 220.500007; -345.539987
766; 262.499988; -345.539987
767; 304.500014; -345.539987
768; 367.500007; -236.420006
769; 409.500003; -236.420006
770; 451.499999; -236.420006
771; 493.499994; -236.420006
772; 346.500009; -272.799999
773; 388.500005; -272.799999
774; 430.500001; -272.799999
775; 472.499996; -272.799999
776; 367.500007; -309.170008
777; 409.500003; -309.170008
778; 451.499999; -309.170008
779; 493.499994; -309.170008
780; 346.500009; -345.539987
781; 388.500005; -345.539987
782; 430.500001; -345.539987
783; 472.499996; -345.539987
784; 535.499990; -236.420006
785; 577.499986; -236.420006
786; 619.499981; -236.420006
787; 661.499977; -236.420006
788; 514.500022; -272.799999
789; 556.500018; -272.799999
790; 598.500013; -272.799999
791; 640.500009; -272.799999
792; 535.499990; -309.170008
793; 577.499986; -309.170008
794; 619.499981; -309.170008
795; 661.499977; -309.170008
796; 514.500022; -345.539987
797; 556.500018; -345.539987
798; 598.500013; -345.539987
799; 640.500009; -345.539987
800; 367.500007; -381.920010
801; 409.500003; -381.920010
802; 451.499999; -381.920010
803; 493.499994; -381.920010
804; 346.500009; -418.289989
805; 388.500005; -418.289989
806; 430.500001; -418.289989
807; 472.499996; -418.289989
808; 367.500007; -454.659998
809; 409.500003; -454.659998
810; 451.499999; -454.659998
811; 493.499994; -454.659998
812; 346.500009; -491.039991
813; 388.500005; -491.039991
814; 430.500001; -491.039991
815; 472.499996; -491.039991
816; 199.499995; -381.920010
817; 241.500005; -381.920010
818; 283.499986; -381.920010
819; 325.500011; -381.920010
820; 178.499997; -418.289989
821; 220.500007; -418.289989
822; 262.499988; -418.289989
823; 304.500014; -418.289989
824; 199.499995; -454.659998
825; 241.500005; -454.659998
826; 283.499986; -454.659998
827; 325.500011; -454.659998
828; 178.499997; -491.039991
829; 220.500007; -491.039991
830; 262.499988; -491.039991
831; 304.500014; -491.039991
832; 31.500001; -381.920010
833; 73.500000; -381.920010
834; 115.500003; -381.920010
835; 157.499999; -381.920010
836; 10.500000; -418.289989
837; 52.499998; -418.289989
838; 94.499998; -418.289989
839; 136.500001; -418.289989
840; 31.500001; -454.659998
841; 73.500000; -454.659998
842; 115.500003; -454.659998
843; 157.499999; -454.659998
844; 10.500000; -491.039991
845; 52.499998; -491.039991
846; 94.499998; -491.039991
847; 136.500001; -491.039991
848; -136.500001; -381.920010
849; -94.499998; -381.920010
850; -52.499998; -381.920010
851; -10.500000; -381.920010
852; -157.499999; -418.289989
853; -115.500003; -418.289989
854; -73.500000; -418.289989
855; -31.500001; -418.289989
856; -136.500001; -454.659998
857; -94.499998; -454.659998
858; -52.499998; -454.659998
859; -10.500000; -454.659998
860; -157.499999; -491.039991
861; -115.500003; -491.039991
862; -73.500000; -491.039991
863; -31.500001; -491.039991
864; -304.500014; -381.920010
865; -262.499988; -381.920010
866; -220.500007; -381.920010
867; -178.499997; -381.920010
868; -325.500011; -418.289989
869; -283.499986; -418.289989
870; -241.500005; -418.289989
871; -199.499995; -418.289989
872; -304.500014; -454.659998
873; -262.499988; -454.659998
874; -220.500007; -454.659998
875; -178.499997; -454.659998
876; -325.500011; -491.039991
877; -283.499986; -491.039991
878; -241.500005; -491.039991
879; -199.499995; -491.039991
880; -472.499996; -381.920010
881; -430.500001; -381.920010
882; -388.500005; -381.920010
883; -346.500009; -381.920010
884; -493.499994; -418.289989
885; -451.499999; -418.289989
886; -409.500003; -418.289989
887; -367.500007; -418.289989
888; -472.499996; -454.659998
889; -430.500001; -454.659998
890; -388.500005; -454.659998
891; -346.500009; -454.659998
892; -493.499994; -491.039991
893; -451.499999; -491.039991
894; -409.500003; -491.039991
895; -367.500007; -491.039991
896; -304.500014; -527.409971
897; -262.499988; -527.409971
898; -220.500007; -527.409971
899; -178.499997; -527.409971
900; -325.500011; -563.780010
901; -283.499986; -563.780010
902; -241.500005; -563.780010
903; -199.499995; -563.780010
904; -304.500014; -600.160003
905; -262.499988; -600.160003
906; -220.500007; -600.160003
907; -178.499997; -600.160003
908; -325.500011; -636.529982
909; -283.499986; -636.529982
910; -241.500005; -636.529982
911; -199.499995; -636.529982
912; -136.500001; -527.409971
913; -94.499998; -527.409971
914; -52.499998; -527.409971
915; -10.500000; -527.409971
916; -157.499999; -563.780010
917; -115.500003; -563.780010
918; -73.500000; -563.780010
919; -31.500001; -563.780010
920; -136.500001; -600.160003
921; -94.499998; -600.160003
922; -52.499998; -600.160003
923; -10.500000; -600.160003
924; -157.499999; -636.529982
925; -115.500003; -636.529982
926; -73.500000; -636.529982
927; -31.500001; -636.529982
928; 31.500001; -527.409971
929; 73.500000; -527.409971
930; 115.500003; -527.409971
931; 157.499999; -527.409971
932; 10.500000; -563.780010
933; 52.499998; -563.780010
934; 94.499998; -563.780010
935; 136.500001; -563.780010
936; 31.500001; -600.160003
937; 73.500000; -600.160003
938; 115.500003; -600.160003
939; 157.499999; -600.160003
940; 10.500000; -636.529982
941; 52.499998; -636.529982
942; 94.499998; -636.529982
943; 136.500001; -636.529982
944; 199.499995; -527.409971
945; 241.500005; -527.409971
946; 283.499986; -527.409971
947; 325.500011; -527.409971
948; 178.499997; -563.780010
949; 220.500007; -563.780010
950; 262.499988; -563.780010
951; 304.500014; -563.780010
952; 199.499995; -600.160003
953; 241.500005; -600.160003
954; 283.499986; -600.160003
955; 325.500011; -600.160003
956; 178.499997; -636.529982
957; 220.500007; -636.529982
958; 262.499988; -636.529982
959; 304.500014; -636.529982
